<?xml version="1.0"?>
<opencv_storage>
<fc1>1695.07858645538</fc1>
<fc2>1688.01179229195</fc2>
<cc1>640</cc1>
<cc2>600</cc2>
<kc1>-0.104124689848918</kc1>
<kc2>-0.0505961763127652</kc2>
<kc3>-0.00417341635313720</kc3>
<kc4>0.00395477882263964</kc4>
</opencv_storage>